1 2 1 1 4 1
3 1 3 1 4 2
5 2 3 1 2 1
6 1 3 2 3 1
7 4 2 2 3 1
12 1 3 3 3 1
16 1 2 2 4 1
18 2 2 2 4 2
20 4 3 2 3 2
30 3 3 2 2 2
31 1 3 3 4 1
33 1 2 2 4 2
34 4 3 2 3 1
36 3 2 3 4 2
38 1 3 3 3 1
40 1 3 3 3 1
43 1 2 3 4 1
44 2 2 2 3 2
45 2 2 1 4 1
47 4 3 1 3 1
49 2 3 2 3 2
50 3 1 1 4 1
56 4 3 2 3 1
61 3 2 2 4 2
65 3 3 2 4 1
68 4 3 1 3 1
73 2 3 1 2 1
74 3 3 2 2 2
75 3 3 2 4 1
81 3 2 2 3 2
83 2 2 2 4 2
86 2 2 3 3 2
93 4 3 1 3 1
94 4 3 1 4 2
96 2 3 3 4 1
101 3 3 2 2 2
103 3 2 1 3 1
104 3 2 3 4 2
106 1 3 2 4 1
107 3 2 1 3 1
110 3 3 2 3 1
111 1 2 3 4 1
114 3 2 1 4 2
119 3 3 2 2 1
120 1 2 1 4 1
122 2 2 3 4 1
123 1 2 1 3 1
131 3 1 1 4 2
134 3 3 3 4 1
137 3 2 3 4 2
138 1 1 1 4 2
142 1 2 2 3 2
147 1 3 1 3 2
149 1 3 1 2 2
150 2 3 2 2 1
151 3 2 2 3 1
156 2 1 1 4 2
161 1 2 1 4 2
162 2 3 1 3 2
168 2 1 1 4 1
170 1 3 2 3 1
171 4 3 1 3 1
173 1 3 2 4 1
177 2 3 3 4 2
181 1 3 2 4 2
183 1 2 1 3 1
184 1 3 2 3 1
186 4 2 2 3 2
192 3 3 2 2 2
193 4 3 3 4 1
195 2 2 3 3 2
196 3 2 1 3 2
197 2 3 2 4 1
199 4 3 1 4 2
207 3 2 3 4 1
209 3 2 2 4 1
212 2 2 2 4 1
214 3 3 1 2 2
217 3 3 1 3 1
221 3 3 2 3 2
224 1 2 1 4 1
227 2 1 1 3 2
228 4 2 1 4 2
229 2 2 3 3 2
232 2 3 3 3 1
233 1 2 1 4 2
234 2 3 3 3 2
237 4 3 2 3 2
238 4 3 1 3 1
239 2 3 3 4 1
241 2 2 1 4 2
245 2 3 1 4 2
246 2 2 3 4 2
253 2 1 1 3 1
254 1 2 3 4 2
257 4 2 2 4 2
260 2 2 3 3 2
261 3 2 2 3 1
262 3 3 2 4 2
263 2 2 2 4 2
264 2 3 3 4 2
266 1 3 1 4 1
267 3 2 1 3 1
271 1 2 1 4 2
275 4 2 2 4 2
278 2 3 2 2 1
281 1 3 1 2 1
284 1 2 2 3 1
288 1 2 3 4 1
289 2 2 3 4 2
290 2 3 2 4 1
291 3 3 1 2 1
296 3 2 1 3 2
301 1 3 3 4 1
302 2 2 3 3 2
307 1 2 1 3 2
313 3 3 2 4 1
314 2 2 1 3 2
315 3 3 3 4 1
320 2 3 1 2 1
325 3 3 1 3 2
327 4 3 1 4 1
328 4 3 2 3 1
329 4 2 1 3 2
334 3 3 3 4 2
336 3 3 2 2 2
339 1 1 1 4 1
341 3 2 3 4 1
343 4 3 2 3 2
345 1 2 1 4 2
347 1 3 2 4 1
349 1 3 3 4 1
353 3 2 1 4 2
358 1 3 3 3 2
362 1 2 2 4 2
363 4 2 2 4 1
364 4 2 1 3 1
370 2 3 1 2 1
371 3 3 3 4 1
375 3 2 2 4 2
376 4 3 2 3 1
378 1 2 3 4 1
381 1 3 1 3 2
383 1 3 3 4 1
386 2 1 1 3 2
387 2 2 3 3 2
390 4 2 2 3 2
391 3 3 2 2 2
392 3 3 1 3 2
394 4 3 2 4 1
395 3 1 2 4 1
396 2 2 2 4 2
400 3 3 1 2 2
401 2 2 3 4 2
409 2 2 1 3 2
410 3 2 1 3 1
411 1 2 2 3 2
416 3 2 2 3 1
418 1 2 2 3 2
419 1 3 2 3 1
425 4 3 2 3 1
426 3 3 2 2 1
427 2 3 3 4 2
429 1 2 1 4 2
430 4 2 2 4 2
431 2 3 1 2 2
432 2 1 1 4 1
433 2 3 2 3 2
435 2 3 1 3 2
439 1 3 3 3 2
443 2 3 3 3 1
445 2 3 1 2 2
453 3 3 1 4 1
456 3 3 2 3 1
460 1 3 2 3 2
462 2 3 2 4 1
463 1 3 1 3 2
465 1 1 1 4 1
467 1 2 1 4 2
468 1 3 2 4 2
478 3 3 2 2 2
480 2 2 3 4 2
485 3 2 2 4 1
486 2 2 2 4 1
487 2 3 2 4 1
491 4 2 1 3 1
492 3 3 2 3 1
493 1 2 1 3 2
497 1 3 1 3 2
498 1 3 1 4 2
503 1 3 1 4 2
511 4 3 3 4 2
512 3 3 1 2 2
516 4 3 2 4 2
517 3 3 3 4 2
519 2 2 1 3 2
520 1 2 1 4 2
521 2 1 2 4 2
524 4 2 2 3 1
529 2 3 3 4 2
530 3 3 1 2 1
535 1 3 2 3 2
537 2 1 1 3 1
538 3 2 2 3 2
540 1 3 3 4 1
541 4 2 2 3 1
550 4 3 2 4 2
556 1 3 3 3 1
558 1 2 3 4 1
564 3 1 1 4 2
565 4 3 1 3 2
566 4 2 2 3 2
570 1 3 2 3 2
572 1 2 1 3 1
573 2 3 2 4 1
575 1 3 2 3 1
576 1 3 1 2 2
584 2 2 3 3 1
585 1 2 1 4 2
586 1 2 1 4 1
590 4 3 2 4 1
594 1 3 1 2 1
599 4 2 1 3 2
602 1 3 1 2 1
603 3 1 1 4 2
606 3 2 1 3 2
610 1 3 2 4 2
613 1 2 2 4 1
615 1 3 2 3 2
616 3 3 1 3 2
617 3 3 3 4 1
619 1 2 2 4 2
620 2 2 3 3 2
622 2 3 3 3 1
624 2 3 2 3 2
627 2 2 3 3 1
632 1 3 1 4 1
633 2 3 1 3 2
636 4 2 1 3 2
638 2 3 1 4 1
639 3 2 1 3 2
643 4 3 1 4 2
645 1 2 1 4 2
646 3 3 3 3 2
649 3 2 1 3 2
650 1 2 1 3 2
654 3 1 2 4 1
657 2 3 2 3 2
658 1 3 1 3 2
662 1 2 1 4 1
664 1 2 3 4 2
665 3 2 3 4 2
668 3 2 3 4 1
670 1 3 2 3 1
672 4 3 2 4 1
683 1 2 3 4 2
687 3 3 2 4 2
689 3 3 2 3 2
692 2 2 2 4 1
693 2 3 1 3 2
697 2 2 3 4 1
698 4 3 1 4 2
703 4 2 1 4 2
705 3 3 1 4 2
707 4 2 1 4 1
715 3 1 2 4 2
718 4 2 2 4 1
720 4 2 2 3 2
721 3 2 2 4 2
722 1 1 1 4 1
723 4 3 1 4 2
727 3 2 1 4 2
728 3 3 3 4 2
730 4 3 1 4 1
732 3 3 1 2 1
735 1 3 2 4 1
738 1 3 3 3 2
739 3 3 2 3 2
744 2 2 2 4 1
745 3 2 3 4 2
748 3 1 1 4 2
752 2 3 2 3 2
754 1 3 1 2 2
757 1 1 1 4 1
759 4 3 1 3 2
761 1 2 3 4 1
762 3 3 3 4 2
769 4 3 2 4 1
771 3 2 2 4 2
772 4 2 2 4 2
773 2 1 1 4 2
777 4 3 2 3 1
779 2 3 3 3 2
782 3 1 1 4 2
783 1 2 1 4 1
787 2 3 1 3 2
789 3 2 2 3 1
792 2 2 3 4 1
795 2 2 3 3 1
797 2 3 1 3 2
800 3 3 1 4 1
805 2 2 2 4 1
806 2 2 1 3 1
807 3 3 2 2 1
809 2 3 3 3 2
814 2 2 2 4 1
816 3 2 1 3 2
817 3 2 2 3 2
823 4 3 2 3 2
828 3 3 2 4 2
832 3 2 1 4 2
835 4 3 2 4 1
839 3 1 1 4 2
846 4 3 2 3 2
848 2 3 2 4 2
850 4 2 2 4 1
852 2 1 2 4 2
859 3 3 1 3 1
860 2 3 3 3 1
868 3 3 2 3 1
870 4 2 2 3 2
871 1 2 1 3 2
872 2 3 1 3 1
877 2 2 1 3 1
878 1 2 3 4 2
879 4 3 3 4 2
880 2 1 2 4 1
883 1 2 2 4 2
885 1 2 1 3 1
889 3 3 1 2 2
891 2 2 2 3 2
893 2 3 3 3 2
894 4 3 3 4 1
897 1 2 1 4 2
899 2 1 1 4 2
903 2 3 1 3 1
906 4 3 1 3 1
909 3 2 3 4 2
915 3 2 2 3 2
916 3 2 1 4 1
917 3 3 1 2 2
919 1 3 2 4 1
927 3 3 1 2 1
929 4 3 1 3 1
930 4 3 2 3 2
931 1 3 3 4 1
933 3 3 2 3 2
936 1 3 3 4 2
937 3 3 1 4 2
939 2 2 1 3 2
942 3 3 2 4 2
944 1 2 2 4 2
945 2 2 1 3 1
949 1 3 1 3 1
953 3 1 1 4 1
954 2 3 3 3 2
955 3 2 2 4 2
957 3 2 2 4 2
961 2 3 1 2 1
964 4 3 1 3 1
966 1 2 2 3 2
967 2 3 3 4 1
971 1 2 2 4 1
972 1 2 1 4 1
974 4 3 1 3 2
975 1 3 2 3 1
977 4 3 1 4 2
978 2 3 1 4 1
979 1 3 2 3 2
981 1 1 1 4 1
982 2 2 3 4 1
991 4 2 2 4 2
993 2 3 2 4 1
994 3 3 2 2 1
995 4 2 2 4 1
996 4 3 1 3 1
1000 3 2 2 4 2
